111111100011111111111111111
111111100011111111111111111
111111100011111111111111111
111111100011111111111111111
111111100011111111111111111
111111100011111111111111111
111111100011111111111111111
111111100011111110001111111
111111100011111110001111111
111111100011111110001111111
111111100011111110001111111
111111111111111110001111111
111111111111111110001111111
111111111111111110001111111
111111111111111110001111111
111111111111111110001111111
111111111111111110001111111
111111111111111110001111111